,name,surname,scopus_id,pubs
0,Przemyslaw,Blaskiewicz,35067793600,"[['35067793600', '14630697800', '55416077000'], ['35067793600', '7004104546', '36662582300', '35073203500'], ['35067793600', '24802815900', '16303045700', '36197865500'], ['35067793600', '55914696700', '7004104546', '55416077000'], ['35067793600', '55914696700', '25651989600', '55416077000'], ['35067793600', '7004104546', '55416251200', '55004766900'], ['35067793600', '14054168800', '7004104546'], ['35067793600', '14054168800', '7004104546'], ['55489091500', '35067793600', '55914696700', '7004104546'], ['35067793600', '14629926700', '7004104546', '25651989600'], ['7004104546', '35067793600', '14630697800', '14054168800', '54394002400', '36500281900'], ['35067793600', '35067952600', '55914696700', '25651989600']]"
1,Dominik,Bojko,None,None
2,Liliana,Bujkiewicz,6506394842,"[['7801589482', '6507067300', '56665307400', '6506394842', '6506015154'], ['7004173659', '6603593695', '6507453304', '6506394842'], ['7004173659', '6603593695', '6507453304', '6506394842'], ['6506394842', '7004173659'], ['6506394842', '7004173659', '6601969480', '6602106460'], ['6506394842', '7004173659', '6601969480', '6602106460']]"
3,Jacek,Cichon,14629926700,"[['14629926700', '6603253976', '15829962800'], ['14629926700', '57193871747'], ['14629926700', '24605392900', '24802815900'], ['14629926700', '57193871747'], ['14629926700', '7004104546', '55004766900'], ['14629926700', '57193790630', '57193789637', '56312089300'], ['7004104546', '14629926700', '55440635800', '55440412000', '57195278161', '55746062900'], ['14629926700', '36647523100', '55914696700'], ['14629926700', '55914696700', '24605392900'], ['14629926700', '55914696700'], ['14629926700', '36647523100', '36647672700'], ['14629926700', '24766310900', '55601798100', '55914696700'], ['14629926700', '36662582300', '24802815900'], ['14629926700', '36662582300', '24802815900'], ['14629926700', '36662582300', '35586536800', '24802815900'], ['14629926700', '54889001900'], ['14629926700', '36647523100', '36647672700'], ['14629926700', '36662582300', '24802815900'], ['14629926700', '55392044800', '6603253976', '20734880100'], ['35067793600', '14629926700', '7004104546', '25651989600'], ['14629926700', '24766310900', '7004104546'], ['14629926700', '36647523100', '36662582300', '24802815900'], ['14629926700', '36647523100', '36647672700'], ['14629926700', '36107354500'], ['14629926700', '24766310900', '7004104546'], ['14629926700', '35519754800', '7004104546'], ['14629926700', '35195375800', '24724680600'], ['14629926700', '35195428600', '35196082600'], ['14629926700', '24605392900', '22034864500'], ['14629926700', '55914696700', '7004104546'], ['14629926700', '7004104546', '24802815900'], ['14629926700', '7004104546'], ['7004104546', '14629926700', '14054168800'], ['14629926700', '7004104546', '24802815900'], ['14629926700', '55914696700', '7004104546'], ['14629926700', '7004104546', '24793038300'], ['14629926700', '35196082600', '36647523100', '24802815900'], ['14629926700', '55914696700', '14630697800', '23390098500', '7007180231'], ['14629926700', '55914696700', '7004104546'], ['14629926700', '55392044800', '6603253976'], ['14629926700', '6603253976', '15829962800', '13610659900', '15830756800'], ['14629926700', '7004104546', '24802815900'], ['14629926700', '7004104546', '24802815900'], ['14629926700', '14630697800', '7004104546', '8878449600'], ['14629926700', '35196082600'], ['14629926700', '16453447200'], ['14629926700', '35196082600', '6507628293', '36107354500'], ['14629926700', '7004415354', '6506076146', '24793038300'], ['14629926700', '55960849400'], ['14629926700', '16453447200', '24793038300'], ['14629926700'], ['14629926700', '6603253976'], ['14629926700', '6507628293', '57197152632'], ['14629926700', '14629926700']]"
4,Maciej,Gebala,24605392900,"[['14629926700', '24605392900', '24802815900'], ['14029989700', '24605392900', '7004104546'], ['14629926700', '55914696700', '24605392900'], ['7004104546', '24605392900'], ['14629926700', '24605392900', '22034864500'], ['24605392900', '14029989700'], ['24605392900'], ['24605392900'], ['24605392900']]"
5,Zbigniew,Golebiewski,24766310900,"[['24766310900', '57208706093'], ['14036968000', '6603077626', '24766310900'], ['14036968000', '6602860937', '6603077626', '24766310900'], ['24766310900', '56526728700', '35586536800'], ['24766310900', '56526728700', '35586536800'], ['24766310900', '55601798100', '36662582300', '25651989600'], ['6603077626', '24766310900'], ['14629926700', '24766310900', '55601798100', '55914696700'], ['24766310900', '25651989600', '55892139700', '24802815900'], ['14629926700', '24766310900', '7004104546'], ['14629926700', '24766310900', '7004104546'], ['24766310900', '7004104546', '55892139700', '8848855500'], ['24766310900', '35092738900', '55914696700', '7004104546'], ['24766310900', '55914696700', '35092738900', '7004104546'], ['24766310900', '25651989600', '55892139700'], ['24766310900', '7004104546', '7006153730', '55892139700'], ['24766310900', '7004104546', '55892139700']]"
6,Karol,Gotfryd,57193871747,"[['14629926700', '57193871747'], ['57193871747', '15132409800', '55892139700'], ['14629926700', '57193871747'], ['57193871747', '55914696700', '55336905000']]"
7,Lucjan,Hanzlik,55440635800,"[['6603696569', '36871555900', '55440635800', '55440412000', '55949594600'], ['6603696569', '55440635800', '7006812302', '23397437100', '56741270900'], ['55440412000', '55440635800', '55746062900'], ['6603696569', '55440635800', '55440412000', '55949594600'], ['55440635800', '55440412000'], ['55416251200', '55440635800'], ['55440635800', '55440412000'], ['55440635800', '55440412000', '7004104546'], ['7004104546', '14629926700', '55440635800', '55440412000', '57195278161', '55746062900'], ['55440635800', '55440412000', '7004104546'], ['55440635800', '55440412000', '7004104546'], ['55416251200', '55440635800'], ['55440635800', '7004104546'], ['55416251200', '55440635800', '55440412000'], ['55440412000', '55440635800', '7004104546'], ['7004104546', '55440635800', '55440412000'], ['55440635800', '55440412000', '7004104546', '7006002941'], ['55440635800', '7004104546'], ['55440635800', '14054168800', '7004104546'], ['55440635800', '7004104546', '56837857800'], ['55440635800', '14054168800', '7004104546'], ['55440412000', '55440635800', '14054168800', '7004104546'], ['25633713900', '6602107651', '55440635800', '35753365500', '23393478500', '8626085200'], ['55440635800', '55440412000'], ['55440635800', '55440412000'], ['55440635800', '55440412000', '7004104546'], ['55440635800', '55440412000', '7004104546', '14630697800'], ['7004104546', '55440635800', '55440412000', '14054168800', '14630697800'], ['55440635800', '55440412000', '14630697800', '7004104546'], ['55440635800', '55416251200'], ['55440635800', '14630697800', '7004104546'], ['55821596000', '55440635800', '14054168800', '7004104546'], ['55440635800', '55440412000', '14054168800', '7004104546']]"
8,Rafal,Kapelko,36647523100,"[['36647523100'], ['36647523100'], ['36647523100'], ['36647523100'], ['36647523100', '7007113015'], ['36647523100', '7007113015'], ['36647523100', '7007113015'], ['36647523100', '36647672700'], ['14629926700', '36647523100', '55914696700'], ['6603657271', '23008733700', '36647523100'], ['36647523100'], ['14629926700', '36647523100', '36647672700'], ['36647523100'], ['36647523100'], ['14629926700', '36647523100', '36647672700'], ['14629926700', '36647523100', '36662582300', '24802815900'], ['14629926700', '36647523100', '36647672700'], ['6603657271', '23008733700', '36647523100'], ['6603657271', '23008733700', '36647523100'], ['14629926700', '35196082600', '36647523100', '24802815900'], ['36647523100']]"
9,Marcin,Kik,14029989700,"[['14029989700', '24605392900', '7004104546'], ['14029989700'], ['14029989700'], ['24605392900', '14029989700'], ['14029989700'], ['14029989700'], ['14029989700'], ['14029989700'], ['7003874930', '7004104546', '14029989700'], ['14029989700', '7004104546', '56275174200']]"
10,Marek,Klonowski,55914696700,"[['55914696700', '7005277945', '57203914894'], ['7003965940', '57209775434', '8925402600', '55914696700', '7005277945'], ['57190132946', '55914696700', '55416077000'], ['55601798100', '55914696700', '55416077000'], ['55914696700', '23478736500', '35073203500'], ['55914696700', '7005277945', '57203914894', '9734871500'], ['55914696700', '55336905000'], ['55914696700', '57183818700'], ['55914696700', '57210072931', '55416077000'], ['57190132946', '55914696700', '35073203500'], ['55914696700', '55416077000'], ['57190132946', '55914696700'], ['57193871747', '55914696700', '55336905000'], ['56495169400', '55914696700', '55416077000'], ['45861099800', '55601798100', '55914696700', '55336905000', '6701529043'], ['7004574229', '55914696700', '56153386800', '7005277945'], ['55914696700', '55416077000'], ['7004574229', '7003435154', '55914696700', '56153386800', '7003639913', '35424598400', '6701529043'], ['55914696700', '35073203500'], ['57183818700', '55914696700'], ['57190132946', '55914696700', '55416077000'], ['45861099800', '55601798100', '55914696700', '55336905000', '6701529043'], ['55808507500', '7006340687', '8878449700', '55914696700', '7004104546', '14010614700', '6701381914'], ['55914696700', '55336905000'], ['14629926700', '36647523100', '55914696700'], ['35067793600', '55914696700', '7004104546', '55416077000'], ['55914696700', '7004104546', '15043084500', '23467800700'], ['7202560053', '8881617800', '6602134186', '55914696700', '6701602869', '6603464209', '6603312796'], ['55914696700', '35092738900', '7004104546'], ['14629926700', '55914696700', '24605392900'], ['55914696700', '35092738900'], ['14629926700', '55914696700'], ['55914696700', '25651989600', '54889001900', '55892139700'], ['55601798100', '55914696700', '55336905000'], ['55914696700', '7004104546', '55416077000'], ['14629926700', '24766310900', '55601798100', '55914696700'], ['55601798100', '55914696700', '55336905000', '55004766900'], ['35067793600', '55914696700', '25651989600', '55416077000'], ['55601798100', '55914696700', '55416077000', '55601384800'], ['55914696700', '55416077000', '55416251200'], ['55914696700', '55336905000'], ['55914696700', '22034864500', '55330816200'], ['6602134186', '55914696700'], ['55914696700', '55004766900'], ['55914696700', '35092738900', '7004104546'], ['55489091500', '35067793600', '55914696700', '7004104546'], ['55914696700', '35072942900', '23478736500', '35073203500'], ['55914696700', '35092738900', '7004104546'], ['7004574229', '55914696700', '56153386800', '7005277945'], ['7004574229', '7102569357', '55914696700', '56153386800'], ['24175615000', '55914696700', '7004104546', '36158234800'], ['7004574229', '7003435154', '55914696700', '56153386800', '35424598400'], ['24175615000', '55914696700', '7004104546', '36158234800'], ['55914696700', '35072942900', '23478736500'], ['55914696700', '7004104546', '6506541457'], ['24766310900', '35092738900', '55914696700', '7004104546'], ['55914696700', '35072942900', '23478736500'], ['24766310900', '55914696700', '35092738900', '7004104546'], ['35067793600', '35067952600', '55914696700', '25651989600'], ['14629926700', '55914696700', '7004104546'], ['55914696700', '14630697800', '7004104546', '8935319500'], ['55914696700', '7004104546', '8935319500'], ['14629926700', '55914696700', '7004104546'], ['55914696700', '23478736500'], ['55914696700', '14054168800', '7004104546'], ['55914696700', '7004104546', '15043084500', '23467800700'], ['14629926700', '55914696700', '14630697800', '23390098500', '7007180231'], ['14629926700', '55914696700', '7004104546'], ['55914696700', '8935319500'], ['55914696700', '7004104546'], ['55914696700', '14054168800', '7004104546', '8935319500'], ['8891497000', '55914696700', '14054168800', '7004104546', '8935319500', '55892139700'], ['8891497000', '55914696700', '13008157900'], ['55914696700', '7004104546', '8935319500', '55892139700'], ['55914696700', '7004104546', '8935319500', '55892139700'], ['55959322400', '55914696700', '7004104546'], ['8450408600', '55914696700', '7004104546'], ['8878449700', '55914696700', '7004104546'], ['8878449700', '55914696700', '7004104546']]"
11,Przemyslaw,Kobylanski,24724680600,"[['35145625100', '24724680600', '7007180231'], ['35145625100', '24724680600', '7007180231'], ['14629926700', '35195375800', '24724680600'], ['24724680600'], ['24724680600', '7003634778'], ['56629581800', '24724680600']]"
12,Patryk,Koziel,57203822187,"[['57203822187', '14630697800', '57211228799'], ['14630697800', '55440412000', '57203822187', '56419659900']]"
13,Pawel,Krupski,6506555210,"[['6506555210', '6508318068'], ['57193337498', '6506555210'], ['6506555210', '6507629917', '57073891800'], ['7004170285', '6506555210'], ['6701822470', '6506555210', '57194448357', '6701761399'], ['6701619493', '6506555210'], ['24338349200', '6506555210', '35240971400', '57204301548'], ['6506555210', '57203315212'], ['6506555210', '57204301548'], ['7004170285', '6506555210'], ['23093016900', '6506555210', '6507629917'], ['23093016900', '6506555210', '6507629917'], ['6506555210', '6508318068'], ['7003734489', '6506555210'], ['6506555210'], ['6506555210'], ['6506555210'], ['6506555210'], ['7003734489', '6506555210'], ['7003734489', '7003773979', '6506555210'], ['6506555210'], ['7005257116', '6506555210'], ['7005257116', '6506555210', '7404268755'], ['6506555210'], ['6506555210', '7404268755'], ['6506555210'], ['6506555210', '6602893912'], ['6506555210']]"
14,lukasz,Krzywiecki,14630697800,"[['57203822187', '14630697800', '57211228799'], ['7004104546', '14630697800', '35721744700'], ['14630697800', '7004104546', '57209604843', '57194782345'], ['14630697800', '55440412000', '57203822187', '56419659900'], ['14630697800', '57196152401'], ['7006002941', '14630697800', '56419659900', '7201773230'], ['14630697800', '7004104546'], ['14630697800', '57194782345'], ['14630697800', '57194699704', '7004104546'], ['7006002941', '14630697800', '56419659900', '7201773230'], ['7006002941', '14630697800', '56419659900', '7201773230'], ['7006002941', '14630697800', '56419659900', '7201773230'], ['14630697800'], ['14630697800'], ['14630697800', '25651989600', '54889001900'], ['35067793600', '14630697800', '55416077000'], ['14630697800', '35073203500', '23399026400'], ['7006002941', '14630697800', '56419659900', '7201773230'], ['14630697800'], ['14630697800', '14054168800', '7004104546'], ['55440635800', '55440412000', '7004104546', '14630697800'], ['7006002941', '14630697800', '56419659900', '7201773230'], ['7004104546', '55440635800', '55440412000', '14054168800', '14630697800'], ['55440635800', '55440412000', '14630697800', '7004104546'], ['55440635800', '14630697800', '7004104546'], ['14630697800', '7004104546'], ['14630697800', '14054168800', '7004104546'], ['7004104546', '14630697800', '14054168800', '35092738900'], ['14630697800', '14054168800', '7004104546', '36500281900', '55235111100'], ['14630697800', '7004104546', '44461839800', '23478736500'], ['14630697800', '7004104546'], ['14630697800', '7004104546'], ['7004104546', '35067793600', '14630697800', '14054168800', '54394002400', '36500281900'], ['14630697800', '7004104546'], ['55914696700', '14630697800', '7004104546', '8935319500'], ['14630697800', '7004104546', '23395177100'], ['14629926700', '55914696700', '14630697800', '23390098500', '7007180231'], ['14630697800', '14054168800', '7004104546'], ['14629926700', '14630697800', '7004104546', '8878449600']]"
15,Przemyslaw,Kubiak,14054168800,"[['55440635800', '14054168800', '7004104546'], ['55440635800', '14054168800', '7004104546'], ['55440412000', '55440635800', '14054168800', '7004104546'], ['14054168800', '7004104546'], ['14630697800', '14054168800', '7004104546'], ['7004104546', '55440635800', '55440412000', '14054168800', '14630697800'], ['55821596000', '55440635800', '14054168800', '7004104546'], ['7004104546', '14054168800'], ['14054168800', '7004104546', '55416251200'], ['14630697800', '14054168800', '7004104546'], ['55440635800', '55440412000', '14054168800', '7004104546'], ['7004104546', '14630697800', '14054168800', '35092738900'], ['14630697800', '14054168800', '7004104546', '36500281900', '55235111100'], ['7004104546', '14054168800'], ['35067793600', '14054168800', '7004104546'], ['35067793600', '14054168800', '7004104546'], ['7004104546', '35067793600', '14630697800', '14054168800', '54394002400', '36500281900'], ['48360896600', '14054168800', '48361532400'], ['14054168800', '7004104546', '35230965100'], ['14054168800', '7004104546', '36158234800', '36500281900'], ['7004104546', '14629926700', '14054168800'], ['55914696700', '14054168800', '7004104546'], ['14054168800', '22034864500', '55892139700'], ['14630697800', '14054168800', '7004104546'], ['23967665500', '56332678800', '14054168800', '7004104546', '55892139700'], ['55914696700', '14054168800', '7004104546', '8935319500'], ['8891497000', '55914696700', '14054168800', '7004104546', '8935319500', '55892139700']]"
16,Malgorzata,Kuchta,14035689500,"[['6602361496', '6602726827', '14035689500', '6603253976'], ['14035689500'], ['14035689500', '6603253976'], ['14035689500', '6603253976'], ['14035689500', '6603253976', '24921729000'], ['11241362700', '14035689500', '6603253976', '24921729000'], ['14035689500', '14036490500'], ['14035689500', '6603253976', '24921729000']]"
17,Miroslaw,Kutylowski,7004104546,"[['55440412000', '55746062900', '35721744700', '7004104546'], ['7004104546', '14630697800', '35721744700'], ['14630697800', '7004104546', '57209604843', '57194782345'], ['7004104546', '55979180900', '12241233400', '7406280812'], ['7004104546'], ['57114147900', '7102307605', '7004104546'], ['14630697800', '7004104546'], ['57193886447', '7004104546', '23135116900'], ['14629926700', '7004104546', '55004766900'], ['55440635800', '55440412000', '7004104546'], ['14630697800', '57194699704', '7004104546'], ['55746062900', '35721744700', '55868178400', '55440412000', '7004104546'], ['7004104546', '14629926700', '55440635800', '55440412000', '57195278161', '55746062900'], ['7401754621', '7004104546', '10140490400', '19640836400'], ['55440635800', '55440412000', '7004104546'], ['55440635800', '55440412000', '7004104546'], ['55440635800', '7004104546'], ['55440412000', '55440635800', '7004104546'], ['7004104546', '55440635800', '55440412000'], ['55440635800', '55440412000', '7004104546', '7006002941'], ['35067793600', '7004104546', '36662582300', '35073203500'], ['55440412000', '55746062900', '35721744700', '7004104546'], ['55808507500', '7006340687', '8878449700', '55914696700', '7004104546', '14010614700', '6701381914'], ['55440635800', '7004104546'], ['55601798100', '7004104546', '36662582300'], ['55440635800', '14054168800', '7004104546'], ['55440635800', '7004104546', '56837857800'], ['55440635800', '14054168800', '7004104546'], ['35067793600', '55914696700', '7004104546', '55416077000'], ['55440412000', '55440635800', '14054168800', '7004104546'], ['55746062900', '35721744700', '55868178400', '55440412000', '7004104546'], ['55914696700', '7004104546', '15043084500', '23467800700'], ['14054168800', '7004104546'], ['7004104546', '9733493500'], ['14630697800', '14054168800', '7004104546'], ['55440635800', '55440412000', '7004104546'], ['55440635800', '55440412000', '7004104546', '14630697800'], ['7004104546', '55440635800', '55440412000', '14054168800', '14630697800'], ['7004104546', '56026832200'], ['14029989700', '24605392900', '7004104546'], ['55914696700', '35092738900', '7004104546'], ['55440635800', '55440412000', '14630697800', '7004104546'], ['55440635800', '14630697800', '7004104546'], ['55821596000', '55440635800', '14054168800', '7004104546'], ['7004104546', '7101896868'], ['7004104546', '14054168800'], ['14054168800', '7004104546', '55416251200'], ['55914696700', '7004104546', '55416077000'], ['14630697800', '7004104546'], ['35067793600', '7004104546', '55416251200', '55004766900'], ['14630697800', '14054168800', '7004104546'], ['55440635800', '55440412000', '14054168800', '7004104546'], ['7004104546', '14630697800', '14054168800', '35092738900'], ['7004104546', '24605392900'], ['14630697800', '14054168800', '7004104546', '36500281900', '55235111100'], ['7004104546', '14054168800'], ['35067793600', '14054168800', '7004104546'], ['35067793600', '14054168800', '7004104546'], ['55914696700', '35092738900', '7004104546'], ['14630697800', '7004104546', '44461839800', '23478736500'], ['55489091500', '35067793600', '55914696700', '7004104546'], ['14630697800', '7004104546'], ['7004104546', '35230965100'], ['7004104546'], ['7004104546', '35230965100'], ['14630697800', '7004104546'], ['7004104546', '36158234800'], ['35067793600', '14629926700', '7004104546', '25651989600'], ['7004104546', '35067793600', '14630697800', '14054168800', '54394002400', '36500281900'], ['55914696700', '35092738900', '7004104546'], ['14629926700', '24766310900', '7004104546'], ['14054168800', '7004104546', '35230965100'], ['14630697800', '7004104546'], ['24175615000', '55914696700', '7004104546', '36158234800'], ['7004104546', '55892139700'], ['24175615000', '55914696700', '7004104546', '36158234800'], ['14629926700', '24766310900', '7004104546'], ['14054168800', '7004104546', '36158234800', '36500281900'], ['14629926700', '35519754800', '7004104546'], ['55914696700', '7004104546', '6506541457'], ['24766310900', '7004104546', '55892139700', '8848855500'], ['24766310900', '35092738900', '55914696700', '7004104546'], ['7004104546', '7003773980', '57189085215'], ['24766310900', '55914696700', '35092738900', '7004104546'], ['14629926700', '55914696700', '7004104546'], ['14629926700', '7004104546', '24802815900'], ['55959322400', '7004104546', '8878449600'], ['14629926700', '7004104546'], ['55914696700', '14630697800', '7004104546', '8935319500'], ['24766310900', '7004104546', '7006153730', '55892139700'], ['14630697800', '7004104546', '23395177100'], ['7004104546'], ['7004104546', '14629926700', '14054168800'], ['14629926700', '7004104546', '24802815900'], ['55914696700', '7004104546', '8935319500'], ['14629926700', '55914696700', '7004104546'], ['55914696700', '14054168800', '7004104546'], ['14629926700', '7004104546', '24793038300'], ['7004104546', '55892139700'], ['55914696700', '7004104546', '15043084500', '23467800700'], ['14629926700', '55914696700', '7004104546'], ['36711288900', '7004104546', '8935319500'], ['24766310900', '7004104546', '55892139700'], ['14629926700', '7004104546', '24802815900'], ['14630697800', '14054168800', '7004104546'], ['23967665500', '56332678800', '14054168800', '7004104546', '55892139700'], ['56332678800', '7004104546', '56501922800'], ['55914696700', '7004104546'], ['14629926700', '7004104546', '24802815900'], ['55959322400', '7004104546', '8878449600'], ['55914696700', '14054168800', '7004104546', '8935319500'], ['14629926700', '14630697800', '7004104546', '8878449600'], ['8891497000', '55914696700', '14054168800', '7004104546', '8935319500', '55892139700'], ['55914696700', '7004104546', '8935319500', '55892139700'], ['55914696700', '7004104546', '8935319500', '55892139700'], ['8891497000', '7004104546', '7006153730'], ['8878449700', '7004104546', '6701566424', '8878449600'], ['56625219000', '8848855500', '7004104546', '57199547554'], ['7004104546', '56501922800'], ['55959322400', '55914696700', '7004104546'], ['8925402600', '7004104546', '6506541457'], ['8450408600', '55914696700', '7004104546'], ['8878449700', '55914696700', '7004104546'], ['7004104546', '22734949800'], ['7004104546', '56501922800'], ['8925402600', '7004104546', '6506541457'], ['8878449700', '55914696700', '7004104546'], ['8925402600', '7004104546', '6506541457'], ['55959322400', '7004104546'], ['57003478600', '7004104546', '6506541457'], ['8925402600', '7004104546', '6506541457'], ['8925402600', '7004104546'], ['8925402600', '7004104546', '6506541457'], ['57191622135', '7004104546'], ['55667454500', '7004104546', '6603687911'], ['7004104546', '6602159744', '6507385214', '6602779198'], ['7004104546', '6603557396'], ['8925402600', '7004104546', '6602159744'], ['7004104546', '6603557396', '56963661900'], ['57191622135', '8406971700', '7004104546', '6602159744'], ['6603857577', '8925402600', '7004104546', '6602159744'], ['7004104546', '6602159744', '6507385214'], ['57191622135', '8406971700', '7004104546', '6602159744'], ['7202068115', '7005110167', '7006515698', '7004104546', '6506899755'], ['7004104546', '6602779198'], ['56065427100', '7004104546'], ['7004104546', '6602159744'], ['7004104546', '56963661900'], ['7004091680', '7004104546', '7004182843'], ['57191622135', '8406971700', '7004104546', '6602159744'], ['7004002649', '7005754624', '6603561490', '7103398301', '7004104546'], ['7004002649', '6505782431', '7004104546', '6602159744', '6603687911'], ['7003874930', '7004104546', '14029989700'], ['14029989700', '7004104546', '56275174200'], ['7004091680', '7004104546', '7004182843'], ['7004104546'], ['7004002649', '7005754624', '6603561490', '7103398301', '7004104546'], ['56065427100', '7004104546'], ['7004002649', '6505782431', '6602159744', '7004104546', '6603687911'], ['7004104546'], ['7004104546'], ['7004104546'], ['7004091680', '7004104546', '7004182843'], ['7004104546'], ['7004104546'], ['7004104546', '6603913730', '6602159744'], ['7004104546'], ['7004104546'], ['7004104546'], ['7004104546', '6602159744'], ['7004104546']]"
18,Anna,Lauks-Dutka,36158234800,"[['7004104546', '36158234800'], ['24175615000', '55914696700', '7004104546', '36158234800'], ['24175615000', '55914696700', '7004104546', '36158234800'], ['14054168800', '7004104546', '36158234800', '36500281900']]"
19,Jakub,Lemiesz,36662582300,"[['24766310900', '55601798100', '36662582300', '25651989600'], ['35067793600', '7004104546', '36662582300', '35073203500'], ['55601798100', '7004104546', '36662582300'], ['14629926700', '36662582300', '24802815900'], ['14629926700', '36662582300', '24802815900'], ['14629926700', '36662582300', '35586536800', '24802815900'], ['14629926700', '36662582300', '24802815900'], ['14629926700', '36647523100', '36662582300', '24802815900']]"
20,Wojciech,Macyna,54889001900,"[['57203750734', '54889001900'], ['14630697800', '25651989600', '54889001900'], ['55614318900', '54889001900'], ['55914696700', '25651989600', '54889001900', '55892139700'], ['55055652500', '54889001900'], ['14629926700', '54889001900']]"
21,Krzysztof,Majcher,25651989600,"[['25651989600'], ['25651989600'], ['24766310900', '55601798100', '36662582300', '25651989600'], ['14630697800', '25651989600', '54889001900'], ['55927434200', '6603086487', '6507098897', '25651989600', '7005033898'], ['6603086487', '6507098897', '7005033898', '25651989600', '55927434200'], ['25651989600'], ['25651989600', '6603086487'], ['25651989600', '6603086487', '6507098897', '55927434200', '7005033898'], ['55914696700', '25651989600', '54889001900', '55892139700'], ['35067793600', '55914696700', '25651989600', '55416077000'], ['24766310900', '25651989600', '55892139700', '24802815900'], ['35067793600', '14629926700', '7004104546', '25651989600'], ['35067793600', '35067952600', '55914696700', '25651989600'], ['24766310900', '25651989600', '55892139700']]"
22,Marcin,Michalski,56600102500,"[['56600102500', '15830756800']]"
23,Michal,Morayne,6603253976,"[['6603253976', '6603024585', '15830756800'], ['14629926700', '6603253976', '15829962800'], ['6603253976', '55503817700'], ['6602361496', '6602726827', '14035689500', '6603253976'], ['7003587604', '6603253976', '57194986230', '15830756800'], ['6507112457', '55392044800', '6603253976', '20734880100'], ['6701815463', '57202485651', '7004112473', '6603253976'], ['6701315535', '6603253976', '15829962800', '15830756800'], ['55175684500', '6603253976', '35073203500'], ['6701315535', '6603253976', '15829962800', '15830756800'], ['14035689500', '6603253976'], ['14035689500', '6603253976'], ['51863681600', '6603253976'], ['6603253976', '55503817700'], ['7003587604', '6603253976'], ['55751498100', '35799872900', '6603253976', '55351637300'], ['6701815463', '57202485651', '7004112473', '6603253976'], ['6507112457', '55392044800', '6603253976', '20734880100'], ['55233647300', '6602726827', '6603253976'], ['14629926700', '55392044800', '6603253976', '20734880100'], ['55392044800', '6603253976', '20734880100'], ['6603253976', '55866658400'], ['55392044800', '6603253976', '20734880100', '7102774984'], ['14035689500', '6603253976', '24921729000'], ['11241362700', '14035689500', '6603253976', '24921729000'], ['6603253976', '22954499900'], ['14629926700', '55392044800', '6603253976'], ['14629926700', '6603253976', '15829962800', '13610659900', '15830756800'], ['6602726827', '7004112473', '6603253976'], ['7202139005', '55392044800', '6603253976', '6603941525'], ['6602726827', '6603253976'], ['14035689500', '6603253976', '24921729000'], ['6602726827', '7004112473', '6603253976'], ['6602726827', '7004112473', '6603253976'], ['6602726827', '7004112473', '6603253976'], ['6602726827', '7004112473', '6603253976'], ['6602390438', '6603253976'], ['6603253976'], ['6603253976', '13610659900'], ['6603253976', '13610659900'], ['6603253976'], ['14629926700', '6603253976'], ['6603253976']]"
24,Wojciech,Mydlarczyk,6506202906,"[['6506202906'], ['6506202906'], ['36182137100', '6506202906'], ['6506202906', '7102556253'], ['26654971900', '6506202906', '55984791700'], ['6506202906'], ['6506202906'], ['6506202906', '6603469545'], ['6506202906', '6603469545', '57209824368'], ['6506202906', '25928003000'], ['6701406180', '6506202906'], ['6506202906', '6603469545'], ['6506202906'], ['6506202906'], ['6506202906', '6603469545'], ['6506202906', '6603469545'], ['6506202906'], ['6506202906']]"
25,Robert,Ralowski,15829962800,"[['14629926700', '6603253976', '15829962800'], ['6701315535', '15829962800', '15830756800'], ['6701315535', '6603253976', '15829962800', '15830756800'], ['15829962800'], ['6701315535', '6603253976', '15829962800', '15830756800'], ['15829962800', '15830756800'], ['55196128100', '35422448500', '15829962800', '15830756800'], ['15829962800', '15830756800'], ['15829962800', '15830756800'], ['55960849400', '15829962800', '36107354500', '15830756800'], ['15829962800'], ['15829962800', '36107354500', '15830756800'], ['15829962800'], ['15769407300', '15829962800'], ['15829962800', '15830756800'], ['14629926700', '6603253976', '15829962800', '13610659900', '15830756800'], ['15829962800', '15769407300'], ['15769407300', '15829962800', '7006366974'], ['6602097615', '15829962800'], ['15829962800'], ['6603331252', '15829962800'], ['6603331252', '15829962800']]"
26,Malgorzata,Sulkowska,35073203500,"[['55914696700', '23478736500', '35073203500'], ['57190132946', '55914696700', '35073203500'], ['25931974500', '35073203500'], ['55914696700', '35073203500'], ['35067793600', '7004104546', '36662582300', '35073203500'], ['14630697800', '35073203500', '23399026400'], ['55175684500', '6603253976', '35073203500'], ['35073203500'], ['55914696700', '35072942900', '23478736500', '35073203500'], ['35072942900', '35073203500']]"
27,Piotr,Syga,55416077000,"[['23570010400', '57207837986', '55416077000', '55663461900'], ['57189663066', '56604187500', '55416077000', '25641088300', '55663461900'], ['57190132946', '55914696700', '55416077000'], ['55416077000', '23393722800', '23570010400', '55663461900'], ['55601798100', '55914696700', '55416077000'], ['57189663066', '55416077000', '55663461900'], ['55914696700', '57210072931', '55416077000'], ['55416077000', '23393722800', '23570010400', '55663461900'], ['55914696700', '55416077000'], ['56495169400', '55914696700', '55416077000'], ['55914696700', '55416077000'], ['35067793600', '14630697800', '55416077000'], ['57190132946', '55914696700', '55416077000'], ['35067793600', '55914696700', '7004104546', '55416077000'], ['55914696700', '7004104546', '55416077000'], ['35067793600', '55914696700', '25651989600', '55416077000'], ['55601798100', '55914696700', '55416077000', '55601384800'], ['55914696700', '55416077000', '55416251200']]"
28,Wojciech,Wodo,55416251200,"[['55416251200', '55440635800'], ['55416251200', '55440635800'], ['55416251200', '55440635800', '55440412000'], ['55416251200', '57110449100'], ['55440635800', '55416251200'], ['14054168800', '7004104546', '55416251200'], ['35067793600', '7004104546', '55416251200', '55004766900'], ['55914696700', '55416077000', '55416251200']]"
29,Filip,Zagorski,55892139700,"[['57193871747', '15132409800', '55892139700'], ['15132409800', '55892139700', '57195287284'], ['15132409800', '57195287284', '55892139700'], ['15132409800', '57194782345', '55892139700'], ['57195287284', '15132409800', '55892139700'], ['57193201064', '57193202024', '7003263092', '57193196863', '55892139700'], ['24337458600', '6602602141', '7407826776', '24337710900', '54982615100', '23478284600', '7006881034', '35114024500', '8210005000', '7003263092', '55806732900', '55892139700'], ['55806817400', '55806732900', '24337458600', '55389402000', '55389462400', '36103030900', '7003263092', '55892139700'], ['55892139700', '24337458600', '6602602141', '7407826776', '24337710900', '7003263092'], ['55914696700', '25651989600', '54889001900', '55892139700'], ['6602602141', '55389402000', '8889302300', '23478284600', '55389462400', '7003263092', '55892139700'], ['24766310900', '25651989600', '55892139700', '24802815900'], ['7004104546', '55892139700'], ['24766310900', '7004104546', '55892139700', '8848855500'], ['24766310900', '25651989600', '55892139700'], ['24766310900', '7004104546', '7006153730', '55892139700'], ['7004104546', '55892139700'], ['14054168800', '22034864500', '55892139700'], ['24766310900', '7004104546', '55892139700'], ['23967665500', '56332678800', '14054168800', '7004104546', '55892139700'], ['8848855500', '55892139700'], ['8891497000', '55914696700', '14054168800', '7004104546', '8935319500', '55892139700'], ['55914696700', '7004104546', '8935319500', '55892139700'], ['55914696700', '7004104546', '8935319500', '55892139700']]"
30,Marcin,Zawada,24802815900,"[['14629926700', '24605392900', '24802815900'], ['35067793600', '24802815900', '16303045700', '36197865500'], ['55872881900', '24802815900'], ['14629926700', '36662582300', '24802815900'], ['14629926700', '36662582300', '24802815900'], ['14629926700', '36662582300', '35586536800', '24802815900'], ['14629926700', '36662582300', '24802815900'], ['24766310900', '25651989600', '55892139700', '24802815900'], ['14629926700', '36647523100', '36662582300', '24802815900'], ['14629926700', '7004104546', '24802815900'], ['24802815900'], ['14629926700', '7004104546', '24802815900'], ['14629926700', '35196082600', '36647523100', '24802815900'], ['55872881900', '24802815900'], ['14629926700', '7004104546', '24802815900'], ['14629926700', '7004104546', '24802815900']]"
31,Pawel,Zielinski,7007180231,"[['9433957200', '7007180231'], ['57190046438', '9433957200', '7007180231'], ['56401138700', '37079139000', '9433957200', '7007180231'], ['9433957200', '7007180231'], ['57190046438', '9433957200', '7007180231'], ['35145625100', '55999076100', '7007180231'], ['57190046438', '9433957200', '7007180231'], ['9433957200', '7007180231'], ['9433957200', '7007180231'], ['9433957200', '7007180231'], ['9433957200', '7007180231'], ['6508027276', '7007180231', '56811537900'], ['9433957200', '7007180231'], ['9433957200', '7007180231'], ['9433957200', '51863681600', '7007180231'], ['9433957200', '7007180231'], ['9433957200', '7007180231'], ['35145625100', '55999076100', '7007180231'], ['9433957200', '51863681600', '7007180231'], ['35145625100', '7007180231'], ['9433957200', '51863681600', '7007180231'], ['35145625100', '24724680600', '7007180231'], ['9433957200', '25228710600', '7007180231'], ['9433957200', '51863681600', '7007180231'], ['9433957200', '7007180231'], ['9433957200', '7007180231'], ['9433957200', '7007180231'], ['35145625100', '24724680600', '7007180231'], ['9433957200', '7007180231'], ['9433957200', '7007180231'], ['57197972665', '7007180231', '55936783300', '6701575809'], ['9433957200', '7007180231'], ['55936783300', '57197972665', '7007180231'], ['9433957200', '7007180231'], ['9433957200', '7007180231'], ['9433957200', '7007180231'], ['57197972665', '9433957200', '7007180231'], ['9433957200', '7007180231'], ['9433957200', '7007180231'], ['9433957200', '7007180231'], ['9433957200', '7007180231'], ['9433957200', '7007180231'], ['9433957200', '7007180231'], ['9433957200', '7007180231'], ['14629926700', '55914696700', '14630697800', '23390098500', '7007180231'], ['9433957200', '7007180231'], ['9433957200', '7007180231'], ['57197972665', '9433957200', '7007180231'], ['9433957200', '7007180231'], ['9433957200', '7007180231'], ['7007180231'], ['9433957200', '7007180231'], ['57197972665', '7007180231', '55936783300', '6701575809'], ['57197972665', '7007180231', '55936783300', '6701575809'], ['7007180231'], ['7007180231'], ['56629581800', '7007180231'], ['7003819139', '55936783300', '7007180231'], ['56629581800', '7007180231'], ['56629581800', '7007180231'], ['56629581800', '7007180231']]"
32,Szymon,Zeberski,15830756800,"[['6603253976', '6603024585', '15830756800'], ['7003587604', '6603253976', '57194986230', '15830756800'], ['6701315535', '15829962800', '15830756800'], ['6701315535', '6603253976', '15829962800', '15830756800'], ['56600102500', '15830756800'], ['6701315535', '6603253976', '15829962800', '15830756800'], ['15829962800', '15830756800'], ['55196128100', '35422448500', '15829962800', '15830756800'], ['15830756800'], ['15829962800', '15830756800'], ['15829962800', '15830756800'], ['55960849400', '15829962800', '36107354500', '15830756800'], ['15829962800', '36107354500', '15830756800'], ['15829962800', '15830756800'], ['14629926700', '6603253976', '15829962800', '13610659900', '15830756800'], ['15830756800']]"
